avgTJ:  11.961087420042643
stdDvTJ:  13.227953847690184
avgTJ without 0:  14.08600125549278
stdDvTJ without 0:  13.271495440572096
maxTJ:  20.705882352941178
minTJ:  6.888888888888889

avgTT:  16.748356807511737
stdDvTT:  17.929610927294025
avgTT without 0:  16.748356807511737
stdDvTT without 0:  17.929610927294025
maxTT:  34.90909090909091
minTT:  6.777777777777778

avgTotT:  16.411001964636544
stdDvTotT:  17.9678614193856
avgTotT without 0:  17.061274509803923
stdDvTotT without 0:  18.01504918307004
maxTotT:  31.32
minTotT:  9.324324324324325

avgMGT:  14.014382402707275
stdDvMGT:  14.533459717249785
avgMGT without 0:  14.856502242152466
stdDvMGT without 0:  14.539694865407114
maxMGT:  22.083333333333332
minMGT:  8.757575757575758

avgSGT:  12.661818181818182
stdDvSGT:  13.665024909787908
avgSGT without 0:  12.661818181818182
stdDvSGT without 0:  13.665024909787908
maxSGT:  33.4
minSGT:  2.0

free lanes %:  47.519923872963005 %, number of free traverse:  3995 num of traverse 8407
number of times in traffic %:  12.656119900083265 %, numero di volte nel traffico:  1064 num of traverse 8407
not free passage %:  52.682288569049604 %, number of not free passage:  4429 num of traverse 8407
