avgTJ:  14.434273318872018
stdDvTJ:  14.731145048849456
avgTJ without 0:  15.964971209213052
stdDvTJ without 0:  14.682703648154085
maxTJ:  22.916666666666668
minTJ:  9.81081081081081

avgTT:  31.995839112343965
stdDvTT:  31.825852145625195
avgTT without 0:  31.995839112343965
stdDvTT without 0:  31.825852145625195
maxTT:  50.13333333333333
minTT:  15.0

avgTotT:  26.644024351169495
stdDvTotT:  29.636922375851697
avgTotT without 0:  27.444224422442243
stdDvTotT without 0:  29.71137325951354
maxTotT:  39.54838709677419
minTotT:  12.977272727272727

avgMGT:  14.434273318872018
stdDvMGT:  14.731145048849456
avgMGT without 0:  15.964971209213052
stdDvMGT without 0:  14.682703648154085
maxMGT:  22.916666666666668
minMGT:  9.81081081081081

avgSGT:  31.995839112343965
stdDvSGT:  31.825852145625195
avgSGT without 0:  31.995839112343965
stdDvSGT without 0:  31.825852145625195
maxSGT:  50.13333333333333
minSGT:  15.0

free lanes %:  41.90729483282675 %, number of free traverse:  3309 num of traverse 7896
number of times in traffic %:  18.211752786220874 %, numero di volte nel traffico:  1438 num of traverse 7896
not free passage %:  58.51063829787234 %, number of not free passage:  4620 num of traverse 7896
