avgTJ:  14.920386007237635
stdDvTJ:  15.415192538824245
avgTJ without 0:  17.335669236159777
stdDvTJ without 0:  15.304391426703383
maxTJ:  25.40909090909091
minTJ:  7.565217391304348

avgTT:  52.32197614991482
stdDvTT:  66.83697626810104
avgTT without 0:  52.32197614991482
stdDvTT without 0:  66.83697626810104
maxTT:  103.05555555555556
minTT:  26.192307692307693

avgTotT:  44.948617339312406
stdDvTotT:  62.04520157471489
avgTotT without 0:  45.70872126163785
stdDvTotT without 0:  62.28934473981846
maxTotT:  83.78571428571429
minTotT:  24.289473684210527

avgMGT:  14.920386007237635
stdDvMGT:  15.415192538824245
avgMGT without 0:  17.335669236159777
stdDvMGT without 0:  15.304391426703383
maxMGT:  25.40909090909091
minMGT:  7.565217391304348

avgSGT:  52.32197614991482
stdDvSGT:  66.83697626810104
avgSGT without 0:  52.32197614991482
stdDvSGT without 0:  66.83697626810104
maxSGT:  103.05555555555556
minSGT:  26.192307692307693

free lanes %:  29.393823865802517 %, number of free traverse:  3084 num of traverse 10492
number of times in traffic %:  33.4064048799085 %, numero di volte nel traffico:  3505 num of traverse 10492
not free passage %:  71.3972550514678 %, number of not free passage:  7491 num of traverse 10492
