avgTJ:  15.323216995447648
stdDvTJ:  15.586099151737201
avgTJ without 0:  17.815808045165845
stdDvTJ without 0:  15.42839050326946
maxTJ:  22.20689655172414
minTJ:  7.555555555555555

avgTT:  50.43447905477981
stdDvTT:  55.59478463533371
avgTT without 0:  50.43447905477981
stdDvTT without 0:  55.59478463533371
maxTT:  89.9
minTT:  25.93103448275862

avgTotT:  45.28302929795467
stdDvTotT:  54.11639971805692
avgTotT without 0:  45.934766355140184
stdDvTotT without 0:  54.22911628436138
maxTotT:  77.25925925925925
minTotT:  26.846153846153847

avgMGT:  15.323216995447648
stdDvMGT:  15.586099151737201
avgMGT without 0:  17.815808045165845
stdDvMGT without 0:  15.42839050326946
maxMGT:  22.20689655172414
minMGT:  7.555555555555555

avgSGT:  50.43447905477981
stdDvSGT:  55.59478463533371
avgSGT without 0:  50.43447905477981
stdDvSGT without 0:  55.59478463533371
maxSGT:  89.9
minSGT:  25.93103448275862

free lanes %:  29.571387477226963 %, number of free traverse:  3084 num of traverse 10429
number of times in traffic %:  35.56429187841596 %, numero di volte nel traffico:  3709 num of traverse 10429
not free passage %:  71.0902291686643 %, number of not free passage:  7414 num of traverse 10429
