avgTJ:  18.379052369077307
stdDvTJ:  18.719831785216684
avgTJ without 0:  20.871617369414725
stdDvTJ without 0:  18.599295715083958
maxTJ:  33.4375
minTJ:  10.555555555555555

avgTT:  61.462227912932136
stdDvTT:  59.63510184652231
avgTT without 0:  61.462227912932136
stdDvTT without 0:  59.63510184652231
maxTT:  92.85714285714286
minTT:  36.28125

avgTotT:  53.45696374110471
stdDvTotT:  57.82413915419854
avgTotT without 0:  54.210137457044674
stdDvTotT without 0:  57.878415639064606
maxTotT:  80.05555555555556
minTotT:  35.61538461538461

avgMGT:  18.379052369077307
stdDvMGT:  18.719831785216684
avgMGT without 0:  20.871617369414725
stdDvMGT without 0:  18.599295715083958
maxMGT:  33.4375
minMGT:  10.555555555555555

avgSGT:  61.462227912932136
stdDvSGT:  59.63510184652231
avgSGT without 0:  61.462227912932136
stdDvSGT without 0:  59.63510184652231
maxSGT:  92.85714285714286
minSGT:  36.28125

free lanes %:  24.177059905949704 %, number of free traverse:  2365 num of traverse 9782
number of times in traffic %:  39.84870169699448 %, numero di volte nel traffico:  3898 num of traverse 9782
not free passage %:  76.61010018401146 %, number of not free passage:  7494 num of traverse 9782
