avgTJ:  17.02293084915801
stdDvTJ:  22.360587899940615
avgTJ without 0:  20.710985178727114
stdDvTJ without 0:  23.06377745519652
maxTJ:  35.833333333333336
minTJ:  4.733333333333333

avgTT:  35.8650129795212
stdDvTT:  38.111940333488526
avgTT without 0:  35.8650129795212
stdDvTT without 0:  38.111940333488526
maxTT:  62.0
minTT:  16.476190476190474

avgTotT:  34.20745196972637
stdDvTotT:  39.03830149817844
avgTotT without 0:  34.60365135453475
stdDvTotT without 0:  39.08874857842014
maxTotT:  53.310344827586206
minTotT:  18.151515151515152

avgMGT:  26.682003870135453
stdDvMGT:  29.458069000269695
avgMGT without 0:  27.3223249669749
stdDvMGT without 0:  29.514537224635607
maxMGT:  48.666666666666664
minMGT:  15.40625

avgSGT:  22.225788900979325
stdDvSGT:  21.933315912148824
avgSGT without 0:  22.225788900979325
stdDvSGT without 0:  21.933315912148824
maxSGT:  49.857142857142854
minSGT:  6.142857142857143

free lanes %:  33.19063667000638 %, number of free traverse:  3644 num of traverse 10979
number of times in traffic %:  31.514709900719556 %, numero di volte nel traffico:  3460 num of traverse 10979
not free passage %:  67.33764459422534 %, number of not free passage:  7393 num of traverse 10979
