avgTJ:  20.78456184751661
stdDvTJ:  26.684207151415137
avgTJ without 0:  25.11467889908257
stdDvTJ without 0:  27.416063146901205
maxTJ:  44.6875
minTJ:  7.863636363636363

avgTT:  41.631552795031055
stdDvTT:  40.19406523602111
avgTT without 0:  41.631552795031055
stdDvTT without 0:  40.19406523602111
maxTT:  60.24
minTT:  27.06896551724138

avgTotT:  39.13566019097794
stdDvTotT:  40.417035386383816
avgTotT without 0:  39.71762740183793
stdDvTotT without 0:  40.43159552267817
maxTotT:  60.48275862068966
minTotT:  24.4468085106383

avgMGT:  30.252099272252284
stdDvMGT:  32.220736433152396
avgMGT without 0:  31.033882082695254
stdDvMGT without 0:  32.260547389255436
maxMGT:  51.06060606060606
minMGT:  18.441176470588236

avgSGT:  25.572075782537066
stdDvSGT:  24.611465051899007
avgSGT without 0:  25.572075782537066
stdDvSGT without 0:  24.611465051899007
maxSGT:  52.07692307692308
minSGT:  13.733333333333333

free lanes %:  27.378904481665913 %, number of free traverse:  3024 num of traverse 11045
number of times in traffic %:  36.43277501131734 %, numero di volte nel traffico:  4024 num of traverse 11045
not free passage %:  73.21865097329108 %, number of not free passage:  8087 num of traverse 11045
