avgTJ:  18.542754025541367
stdDvTJ:  18.722571393618285
avgTJ without 0:  20.78773731714908
stdDvTJ without 0:  18.609299243021027
maxTJ:  28.416666666666668
minTJ:  10.925925925925926

avgTT:  60.96353620146905
stdDvTT:  62.65898128655481
avgTT without 0:  60.96353620146905
stdDvTT without 0:  62.65898128655481
maxTT:  104.73684210526316
minTT:  34.55172413793103

avgTotT:  52.73359602535549
stdDvTotT:  59.28357722850353
avgTotT without 0:  53.28128786567422
stdDvTotT without 0:  59.345285310302735
maxTotT:  78.96774193548387
minTotT:  33.333333333333336

avgMGT:  18.542754025541367
stdDvMGT:  18.722571393618285
avgMGT without 0:  20.78773731714908
stdDvMGT without 0:  18.609299243021027
maxMGT:  28.416666666666668
minMGT:  10.925925925925926

avgSGT:  60.96353620146905
stdDvSGT:  62.65898128655481
avgSGT without 0:  60.96353620146905
stdDvSGT without 0:  62.65898128655481
maxSGT:  104.73684210526316
minSGT:  34.55172413793103

free lanes %:  25.584230847388746 %, number of free traverse:  2518 num of traverse 9842
number of times in traffic %:  38.63035968299126 %, numero di volte nel traffico:  3802 num of traverse 9842
not free passage %:  75.39118065433856 %, number of not free passage:  7420 num of traverse 9842
