avgTJ:  16.364854215918047
stdDvTJ:  21.498732209181
avgTJ without 0:  20.632886239443618
stdDvTJ without 0:  22.2413231286078
maxTJ:  35.411764705882355
minTJ:  5.684210526315789

avgTT:  35.416441644164415
stdDvTT:  34.810592805014174
avgTT without 0:  35.416441644164415
stdDvTT without 0:  34.810592805014174
maxTT:  55.82608695652174
minTT:  20.666666666666668

avgTotT:  33.07541050070951
stdDvTotT:  34.9560204044521
avgTotT without 0:  33.79473902236951
stdDvTotT without 0:  34.98840376712455
maxTotT:  49.035714285714285
minTotT:  21.242424242424242

avgMGT:  27.318789144050104
stdDvMGT:  27.34733753677182
avgMGT without 0:  27.931056563500533
stdDvMGT without 0:  27.341122429861127
maxMGT:  40.84
minMGT:  19.0

avgSGT:  26.600502512562816
stdDvSGT:  26.36482923997438
avgSGT without 0:  26.600502512562816
stdDvSGT without 0:  26.36482923997438
maxSGT:  71.0
minSGT:  5.0

free lanes %:  35.62749365252086 %, number of free traverse:  3929 num of traverse 11028
number of times in traffic %:  30.141458106637646 %, numero di volte nel traffico:  3324 num of traverse 11028
not free passage %:  64.77149075081611 %, number of not free passage:  7143 num of traverse 11028
