avgTJ:  14.644572526416907
stdDvTJ:  17.494324366714295
avgTJ without 0:  17.216261998870696
stdDvTJ without 0:  17.762918437093692
maxTJ:  24.153846153846153
minTJ:  6.15

avgTT:  20.184271395528143
stdDvTT:  17.65485421958011
avgTT without 0:  20.184271395528143
stdDvTT without 0:  17.65485421958011
maxTT:  32.125
minTT:  9.714285714285714

avgTotT:  19.02533728200066
stdDvTotT:  18.677032410445758
avgTotT without 0:  19.692779291553133
stdDvTotT without 0:  18.65275771044846
maxTotT:  28.15625
minTotT:  13.130434782608695

avgMGT:  18.756935270805812
stdDvMGT:  18.272206991365515
avgMGT without 0:  19.417435897435897
stdDvMGT without 0:  18.24295026718598
maxMGT:  28.15625
minMGT:  13.130434782608695

avgSGT:  14.631578947368421
stdDvSGT:  12.097022366619981
avgSGT without 0:  14.631578947368421
stdDvSGT without 0:  12.097022366619981
maxSGT:  62.0
minSGT:  2.0

free lanes %:  44.454953889808465 %, number of free traverse:  3760 num of traverse 8458
number of times in traffic %:  15.358240718846064 %, numero di volte nel traffico:  1299 num of traverse 8458
not free passage %:  55.88791676519271 %, number of not free passage:  4727 num of traverse 8458
