avgTJ:  14.825288338316959
stdDvTJ:  15.079676512188417
avgTJ without 0:  16.240524099204492
stdDvTJ without 0:  15.03728590971972
maxTJ:  20.04
minTJ:  9.73076923076923

avgTT:  33.146712802768164
stdDvTT:  33.42012009120551
avgTT without 0:  33.146712802768164
stdDvTT without 0:  33.42012009120551
maxTT:  57.4375
minTT:  21.35

avgTotT:  26.925960637300843
stdDvTotT:  31.010440808459524
avgTotT without 0:  27.651588065447545
stdDvTotT without 0:  31.104631730002133
maxTotT:  41.861111111111114
minTotT:  18.763157894736842

avgMGT:  14.825288338316959
stdDvMGT:  15.079676512188417
avgMGT without 0:  16.240524099204492
stdDvMGT without 0:  15.03728590971972
maxMGT:  20.04
minMGT:  9.73076923076923

avgSGT:  33.146712802768164
stdDvSGT:  33.42012009120551
avgSGT without 0:  33.146712802768164
stdDvSGT without 0:  33.42012009120551
maxSGT:  57.4375
minSGT:  21.35

free lanes %:  41.29903536977492 %, number of free traverse:  3211 num of traverse 7775
number of times in traffic %:  18.572347266881028 %, numero di volte nel traffico:  1444 num of traverse 7775
not free passage %:  59.073954983922825 %, number of not free passage:  4593 num of traverse 7775


