avgTJ:  14.81855388813097
stdDvTJ:  16.886139349713943
avgTJ without 0:  16.8839378238342
stdDvTJ without 0:  17.02975150455856
maxTJ:  25.043478260869566
minTJ:  6.423076923076923

avgTT:  22.6504
stdDvTT:  20.710079184783417
avgTT without 0:  22.6504
stdDvTT without 0:  20.710079184783417
maxTT:  45.1
minTT:  12.666666666666666

avgTotT:  20.465382103200522
stdDvTotT:  21.234775392984744
avgTotT without 0:  21.17060810810811
stdDvTotT without 0:  21.249092531540967
maxTotT:  29.65625
minTotT:  12.787878787878787

avgMGT:  17.450431034482758
stdDvMGT:  18.312081067770528
avgMGT without 0:  18.291415662650603
stdDvMGT without 0:  18.3333059493384
maxMGT:  25.733333333333334
minMGT:  10.758620689655173

avgSGT:  16.764542936288088
stdDvSGT:  14.20847803460282
avgSGT without 0:  16.764542936288088
stdDvSGT without 0:  14.20847803460282
maxSGT:  33.857142857142854
minSGT:  6.142857142857143

free lanes %:  43.55747333093611 %, number of free traverse:  3634 num of traverse 8343
number of times in traffic %:  14.982620160613688 %, numero di volte nel traffico:  1250 num of traverse 8343
not free passage %:  56.89799832194654 %, number of not free passage:  4747 num of traverse 8343
