avgTJ:  11.773129921259843
stdDvTJ:  12.175036033142431
avgTJ without 0:  13.357342266890006
stdDvTJ without 0:  12.125053338147646
maxTJ:  16.727272727272727
minTJ:  7.0

avgTT:  22.422062350119905
stdDvTT:  22.035745088696643
avgTT without 0:  22.422062350119905
stdDvTT without 0:  22.035745088696643
maxTT:  37.46153846153846
minTT:  11.0

avgTotT:  20.266493699036324
stdDvTotT:  21.93924314006931
avgTotT without 0:  20.806316590563167
stdDvTotT without 0:  21.975429193965237
maxTotT:  31.77777777777778
minTotT:  13.181818181818182

avgMGT:  11.773129921259843
stdDvMGT:  12.175036033142431
avgMGT without 0:  13.357342266890006
stdDvMGT without 0:  12.125053338147646
maxMGT:  16.727272727272727
minMGT:  7.0

avgSGT:  22.422062350119905
stdDvSGT:  22.035745088696643
avgSGT without 0:  22.422062350119905
stdDvSGT without 0:  22.035745088696643
maxSGT:  37.46153846153846
minSGT:  11.0

free lanes %:  45.320258192651444 %, number of free traverse:  3651 num of traverse 8056
number of times in traffic %:  15.417080436941411 %, numero di volte nel traffico:  1242 num of traverse 8056
not free passage %:  55.076961271102284 %, number of not free passage:  4437 num of traverse 8056
