avgTJ:  11.195238095238095
stdDvTJ:  12.366957750026046
avgTJ without 0:  13.24507042253521
stdDvTJ without 0:  12.401405971318894
maxTJ:  17.68421052631579
minTJ:  5.421052631578948

avgTT:  15.360119047619047
stdDvTT:  15.746764494629371
avgTT without 0:  15.360119047619047
stdDvTT without 0:  15.746764494629371
maxTT:  27.25
minTT:  4.583333333333333

avgTotT:  14.611803823773899
stdDvTotT:  15.185626499783956
avgTotT without 0:  15.094890510948906
stdDvTotT without 0:  15.196551511554004
maxTotT:  20.90625
minTotT:  9.055555555555555

avgMGT:  14.381787802840435
stdDvMGT:  14.616384615440488
avgMGT without 0:  14.859732412602503
stdDvMGT without 0:  14.616304106044367
maxMGT:  20.90625
minMGT:  9.055555555555555

avgSGT:  14.5
stdDvSGT:  11.907280685922094
avgSGT without 0:  14.5
stdDvSGT without 0:  11.907280685922094
maxSGT:  34.5
minSGT:  1.0

free lanes %:  50.142382534409116 %, number of free traverse:  4226 num of traverse 8428
number of times in traffic %:  11.912672045562411 %, numero di volte nel traffico:  1004 num of traverse 8428
not free passage %:  50.17797816801139 %, number of not free passage:  4229 num of traverse 8428
